list(ndata=683, Nstocks=18, Nyear=55)